0.048758 0.044319 0.906923
0.172561 0.004304 0.823135
0.007141 0.000010 0.992849
0.046636 0.011281 0.942083
0.098206 0.000010 0.901784
0.075191 0.006771 0.918038
0.000010 0.000010 0.999980
0.299425 0.015953 0.684621
0.043495 0.000010 0.956495
0.016767 0.000010 0.983223
0.045585 0.000010 0.954405
0.055996 0.000010 0.943994
0.123170 0.000010 0.876820
0.116648 0.040622 0.842730
0.061595 0.010534 0.927871
0.132220 0.032376 0.835404
0.054693 0.012115 0.933192
0.137248 0.005960 0.856793
0.057920 0.000010 0.942070
0.272539 0.014947 0.712514
0.187113 0.005089 0.807798
0.057886 0.000010 0.942104
0.021809 0.000010 0.978181
0.022851 0.000010 0.977139
0.000107 0.000010 0.999883
0.082470 0.036962 0.880568
0.000010 0.000010 0.999980
0.000010 0.000010 0.999980
0.074151 0.002802 0.923047
0.000010 0.000010 0.999980
0.000010 0.000010 0.999980
0.057489 0.000010 0.942501
0.000014 0.000010 0.999976
0.000010 0.000010 0.999980
0.000010 0.000010 0.999980
0.022928 0.000010 0.977062
0.000010 0.000010 0.999980
0.055394 0.000010 0.944596
0.000011 0.000010 0.999979
0.031451 0.000010 0.968539
0.083515 0.000010 0.916475
0.040346 0.000010 0.959644
0.063485 0.000010 0.936505
0.043856 0.000010 0.956134
0.048015 0.000010 0.951975
0.071251 0.000010 0.928739
0.042582 0.000010 0.957408
0.162284 0.001988 0.835729
0.077568 0.000010 0.922422
0.072227 0.000010 0.927763
0.021794 0.000010 0.978196
0.023924 0.000010 0.976066
0.116119 0.000010 0.883871
0.132038 0.000010 0.867952
0.018353 0.000010 0.981637
0.128402 0.000010 0.871588
0.052092 0.000010 0.947898
0.000012 0.000010 0.999978
0.082672 0.000010 0.917318
0.123504 0.000010 0.876486
0.075371 0.081119 0.843510
0.002046 0.000010 0.997944
0.029756 0.000010 0.970234
0.000010 0.000010 0.999980
0.000010 0.000010 0.999980
0.000010 0.000010 0.999980
0.000010 0.000010 0.999980
0.000010 0.000010 0.999980
0.000010 0.000010 0.999980
0.000010 0.000010 0.999980
0.000010 0.000010 0.999980
0.000010 0.000010 0.999980
0.000010 0.000010 0.999980
0.000010 0.000010 0.999980
0.000014 0.000010 0.999976
0.000010 0.000010 0.999980
0.000010 0.000010 0.999980
0.000010 0.000010 0.999980
0.014854 0.002787 0.982359
0.000010 0.000010 0.999980
0.019722 0.000010 0.980268
0.000010 0.000010 0.999980
0.000016 0.000010 0.999974
0.000010 0.000010 0.999980
0.000010 0.000010 0.999980
0.000016 0.000010 0.999974
0.000010 0.000010 0.999980
0.000010 0.000010 0.999980
0.789913 0.086586 0.123501
0.646927 0.175391 0.177682
0.812608 0.081854 0.105538
0.731802 0.148454 0.119744
0.689711 0.171831 0.138458
0.842175 0.069709 0.088116
0.773255 0.081063 0.145682
0.907537 0.023512 0.068951
0.836034 0.049348 0.114618
0.706727 0.109219 0.184054
0.848296 0.059889 0.091815
0.837388 0.071927 0.090684
0.894925 0.048402 0.056673
0.745723 0.122148 0.132129
0.902201 0.054813 0.042986
0.702625 0.090464 0.206911
0.831417 0.076092 0.092491
0.768894 0.111044 0.120062
0.659998 0.216925 0.123076
0.614859 0.213956 0.171185
0.622692 0.213769 0.163539
0.790728 0.059113 0.150159
0.792404 0.123054 0.084542
0.731860 0.127305 0.140835
0.811537 0.087718 0.100744
0.811999 0.060598 0.127403
0.536515 0.341289 0.122196
0.727042 0.172309 0.100649
0.818196 0.071599 0.110205
0.794715 0.085391 0.119894
0.766158 0.089112 0.144730
0.809794 0.050603 0.139603
0.794675 0.086000 0.119325
0.787590 0.076608 0.135801
0.872886 0.086331 0.040783
0.650929 0.183940 0.165131
0.720456 0.163549 0.115995
0.714786 0.088145 0.197069
0.662243 0.207724 0.130033
0.772712 0.093069 0.134220
0.765411 0.121507 0.113081
0.704164 0.121806 0.174030
0.707950 0.182651 0.109398
0.725151 0.150941 0.123908
0.638298 0.245100 0.116602
0.761265 0.127614 0.111122
0.771356 0.110803 0.117842
0.778321 0.084402 0.137277
0.783383 0.091335 0.125282
0.700339 0.148642 0.151018
0.719068 0.170789 0.110143
0.812468 0.080607 0.106925
0.852310 0.079997 0.067694
0.675442 0.218541 0.106017
0.314188 0.623841 0.061971
0.748603 0.118628 0.132769
0.755250 0.113431 0.131320
0.929383 0.018415 0.052202
0.722577 0.010276 0.267147
0.854366 0.044017 0.101617
0.663886 0.042121 0.293993
0.724946 0.063841 0.211213
0.588853 0.140333 0.270814
0.668926 0.097505 0.233569
0.705292 0.064860 0.229848
0.722253 0.058957 0.218789
0.834118 0.019218 0.146664
0.672561 0.122529 0.204910
0.652778 0.093550 0.253671
0.657108 0.022374 0.320518
0.547709 0.177306 0.274985
0.720476 0.041887 0.237637
0.474567 0.182320 0.343113
0.709644 0.053643 0.236714
0.481825 0.104152 0.414023
0.672308 0.177416 0.150276
0.756316 0.100463 0.143220
0.796644 0.098186 0.105171
0.648535 0.221360 0.130105
0.914624 0.028505 0.056871
0.734251 0.118859 0.146890
0.691837 0.172374 0.135790
0.882968 0.069228 0.047805
0.831288 0.062303 0.106409
0.762475 0.088156 0.149369
0.749466 0.068816 0.181719
0.734958 0.127293 0.137748
0.735396 0.125798 0.138806
0.584166 0.184040 0.231794
0.582977 0.219850 0.197173
0.637665 0.156880 0.205455
0.711923 0.099301 0.188776
0.813794 0.062034 0.124171
0.687330 0.178598 0.134072
0.875464 0.043442 0.081094
0.781692 0.104745 0.113563
0.772048 0.123236 0.104716
0.247386 0.683152 0.069462
0.438727 0.506175 0.055097
0.643716 0.202256 0.154028
0.782687 0.106749 0.110564
0.621270 0.075010 0.303720
0.742575 0.018493 0.238932
0.739671 0.044230 0.216099
0.556868 0.169799 0.273334
0.841954 0.004972 0.153074
0.708888 0.011373 0.279739
0.861799 0.027080 0.111121
0.583129 0.126740 0.290131
0.690472 0.063416 0.246112
0.697829 0.076379 0.225792
0.519203 0.184085 0.296712
0.964905 0.000010 0.035085
0.647376 0.014160 0.338464
0.732180 0.019266 0.248554
0.727006 0.030544 0.242450
0.715745 0.067844 0.216410
0.637201 0.224761 0.138038
0.717454 0.106628 0.175918
0.708184 0.117631 0.174185
0.694711 0.146713 0.158576
0.621156 0.233487 0.145357
0.828666 0.091668 0.079667
0.771827 0.119354 0.108819
0.745586 0.106961 0.147453
0.785045 0.131824 0.083131
0.742165 0.099070 0.158765
0.436246 0.009024 0.554730
0.426288 0.366628 0.207084
0.590560 0.033014 0.376425
0.736269 0.055478 0.208253
0.587807 0.043137 0.369056
0.554961 0.072043 0.372996
0.724053 0.016264 0.259683
0.802307 0.023512 0.174180
0.844289 0.012462 0.143249
0.648283 0.057067 0.294650
0.725387 0.013327 0.261286
0.727287 0.042026 0.230687
0.717694 0.067278 0.215028
0.664740 0.125158 0.210102
0.531120 0.170062 0.298818
0.601300 0.152063 0.246637
0.648158 0.107691 0.244151
0.393171 0.128606 0.478223
0.670683 0.035052 0.294266
0.747233 0.012837 0.239930
0.577188 0.145235 0.277577
0.618252 0.100640 0.281108
0.594092 0.046146 0.359762
0.743713 0.028235 0.228052
0.729171 0.059698 0.211131
0.819934 0.060735 0.119331
0.440251 0.285734 0.274015
0.667168 0.166730 0.166103
0.671548 0.202059 0.126392
0.802277 0.083637 0.114087
0.643355 0.172174 0.184471
0.685903 0.160567 0.153530
0.661045 0.151535 0.187420
0.658079 0.180446 0.161474
0.797779 0.102914 0.099307
0.717107 0.082704 0.200189
0.690690 0.131858 0.177452
0.713390 0.127962 0.158648
0.628201 0.109947 0.261852
0.753030 0.032114 0.214856
0.474575 0.044975 0.480450
0.889990 0.008157 0.101854
0.952999 0.009653 0.037348
0.613742 0.184186 0.202071
0.579822 0.017938 0.402240
0.411363 0.048501 0.540136
0.636600 0.097025 0.266374
0.692726 0.076192 0.231081
0.586940 0.037546 0.375513
0.590604 0.047472 0.361924
0.577097 0.043437 0.379466
0.460457 0.181878 0.357664
0.414326 0.288567 0.297108
0.506217 0.196953 0.296830
0.799674 0.015777 0.184549
0.822165 0.016107 0.161728
0.839320 0.025766 0.134913
0.876361 0.024762 0.098877
0.392437 0.348762 0.258801
0.634590 0.030036 0.335374
0.704943 0.164323 0.130734
0.875265 0.014745 0.109991
0.851821 0.009000 0.139179
0.786069 0.019247 0.194684
0.506537 0.100446 0.393016
0.509623 0.123070 0.367306
0.625363 0.040556 0.334081
0.636246 0.053528 0.310225
0.738646 0.054407 0.206947
0.406743 0.374716 0.218540
0.479074 0.223103 0.297823
0.337925 0.000010 0.662065
0.533379 0.014698 0.451923
0.351395 0.000010 0.648595
0.048492 0.000010 0.951498
0.519488 0.066219 0.414293
0.401983 0.007373 0.590644
0.153833 0.838009 0.008157
0.307689 0.583020 0.109291
0.043458 0.956532 0.000010
0.146923 0.852705 0.000372
0.064693 0.934783 0.000524
0.125105 0.870889 0.004006
0.031967 0.968023 0.000010
0.137846 0.858435 0.003719
0.224592 0.063840 0.711568
0.308595 0.125902 0.565503
0.084182 0.915808 0.000010
0.021849 0.971842 0.006309
0.103168 0.896822 0.000010
0.160842 0.837833 0.001325
0.083962 0.916028 0.000010
0.144439 0.002619 0.852942
0.239699 0.000010 0.760291
0.023170 0.000010 0.976820
0.247625 0.000010 0.752365
0.069032 0.000010 0.930958
0.180645 0.119601 0.699754
0.000010 0.000010 0.999980
0.071242 0.000010 0.928748
0.199260 0.000010 0.800730
0.265688 0.088876 0.645436
0.266106 0.000058 0.733836
0.325472 0.035036 0.639492
0.000010 0.000010 0.999980
0.239814 0.002327 0.757860
0.143005 0.066423 0.790573
0.166393 0.000010 0.833597
0.251473 0.041886 0.706641
0.219849 0.000010 0.780141
0.364678 0.028467 0.606856
0.153499 0.181309 0.665192
0.103844 0.059219 0.836937
0.027307 0.016461 0.956232
0.119688 0.010578 0.869734
0.106872 0.000010 0.893118
0.087139 0.912851 0.000010
0.141851 0.850425 0.007725
0.008107 0.000010 0.991883
0.334012 0.088884 0.577103
0.381198 0.000010 0.618792
0.044626 0.000010 0.955364
0.342783 0.000010 0.657207
0.289314 0.158479 0.552208
0.154570 0.031948 0.813482
0.051693 0.000010 0.948297
0.331095 0.008214 0.660691
0.213972 0.000010 0.786018
0.293149 0.006715 0.700135
0.248584 0.031315 0.720101
0.223844 0.000010 0.776146
0.093207 0.905548 0.001245
0.144695 0.855295 0.000010
0.435725 0.563224 0.001051
0.158924 0.834822 0.006254
0.083080 0.916910 0.000010
0.243332 0.020943 0.735725
0.106767 0.000010 0.893223
0.130537 0.000010 0.869453
0.224402 0.000010 0.775588
0.190401 0.003650 0.805950
0.306116 0.382415 0.311469
0.176686 0.007802 0.815511
0.161745 0.838245 0.000010
0.163361 0.836629 0.000010
0.084469 0.915521 0.000010
0.041966 0.958024 0.000010
0.135042 0.864948 0.000010
0.024180 0.972964 0.002856
0.026941 0.973049 0.000010
0.080620 0.919370 0.000010
0.142779 0.855770 0.001452
0.343448 0.006463 0.650089
0.323234 0.125000 0.551766
0.068706 0.929748 0.001546
0.158735 0.016311 0.824954
0.110975 0.000010 0.889015
0.063796 0.000010 0.936194
0.041816 0.957577 0.000606
0.188642 0.811348 0.000010
0.076617 0.922066 0.001317
0.169383 0.830607 0.000010
0.072564 0.927426 0.000010
0.114388 0.000010 0.885602
0.088394 0.000010 0.911596
0.057788 0.000010 0.942202
0.345467 0.014832 0.639701
0.447366 0.005076 0.547558
0.076028 0.919365 0.004607
0.203587 0.770691 0.025722
0.023113 0.000010 0.976877
0.185245 0.000010 0.814745
0.226267 0.000010 0.773723
0.063544 0.000010 0.936446
0.087285 0.000010 0.912705
0.026549 0.000010 0.973441
0.000010 0.000010 0.999980
0.159751 0.256229 0.584020
0.056138 0.000010 0.943852
0.333837 0.000010 0.666153
0.103679 0.005518 0.890802
0.045387 0.954603 0.000010
0.213049 0.786338 0.000613
0.214190 0.785554 0.000256
0.173456 0.826534 0.000010
0.205965 0.000010 0.794025
0.255939 0.004191 0.739870
0.032486 0.000010 0.967504
0.146641 0.000010 0.853349
0.393468 0.009779 0.596754
0.143655 0.000010 0.856335
0.203216 0.000838 0.795946
0.181572 0.053995 0.764433
0.068855 0.931135 0.000010
0.110559 0.889431 0.000010
0.109666 0.887973 0.002360
0.393092 0.002451 0.604457
0.077566 0.922424 0.000010
0.128016 0.870681 0.001303
0.059180 0.940810 0.000010
0.058304 0.941686 0.000010
0.133078 0.866912 0.000010
0.079179 0.920811 0.000010
0.033672 0.961566 0.004762
0.112386 0.887604 0.000010
0.098676 0.901314 0.000010
0.255996 0.743994 0.000010
0.120628 0.879362 0.000010
0.027473 0.972517 0.000010
0.222750 0.777240 0.000010
0.428613 0.081791 0.489596
0.168659 0.004487 0.826854
0.071619 0.922896 0.005485
0.432095 0.567895 0.000010
0.381463 0.063826 0.554710
0.086936 0.913054 0.000010
0.091715 0.908275 0.000010
0.116793 0.877593 0.005614
0.065308 0.932869 0.001823
0.022720 0.975901 0.001379
0.168803 0.831187 0.000010
0.064548 0.935442 0.000010
0.086418 0.913572 0.000010
0.143876 0.850742 0.005382
0.063285 0.936705 0.000010
0.082506 0.917484 0.000010
0.163002 0.831061 0.005937
0.143314 0.854459 0.002227
0.094878 0.905112 0.000010
0.089265 0.907597 0.003138
0.112480 0.887510 0.000010
0.275374 0.724616 0.000010
0.132155 0.865368 0.002477
0.088233 0.911757 0.000010
0.052313 0.940904 0.006783
0.215568 0.784422 0.000010
0.180582 0.815018 0.004400
0.103275 0.895177 0.001547
0.082605 0.917385 0.000010
0.064682 0.929245 0.006073
0.194219 0.804454 0.001326
0.047822 0.952168 0.000010
0.188017 0.811973 0.000010
0.094945 0.905045 0.000010
0.067665 0.922680 0.009655
0.045331 0.954659 0.000010
0.112653 0.885417 0.001930
0.104488 0.893645 0.001867
0.054957 0.942014 0.003030
0.098739 0.895275 0.005986
0.214412 0.785578 0.000010
0.148840 0.851150 0.000010
0.999980 0.000010 0.000010
0.999980 0.000010 0.000010
0.999980 0.000010 0.000010
0.999980 0.000010 0.000010
0.999980 0.000010 0.000010
0.999980 0.000010 0.000010
0.999980 0.000010 0.000010
0.999980 0.000010 0.000010
0.999980 0.000010 0.000010
0.999980 0.000010 0.000010
0.999980 0.000010 0.000010
0.999935 0.000010 0.000055
0.999980 0.000010 0.000010
0.999980 0.000010 0.000010
0.999980 0.000010 0.000010
0.999980 0.000010 0.000010
0.999980 0.000010 0.000010
0.999980 0.000010 0.000010
0.988171 0.000010 0.011819
0.999980 0.000010 0.000010
0.998836 0.000010 0.001154
0.999980 0.000010 0.000010
0.999980 0.000010 0.000010
0.999980 0.000010 0.000010
0.999244 0.000010 0.000746
0.999980 0.000010 0.000010
0.999980 0.000010 0.000010
0.999095 0.000010 0.000895
0.999980 0.000010 0.000010
0.999980 0.000010 0.000010
0.999980 0.000010 0.000010
0.999980 0.000010 0.000010
0.995428 0.000010 0.004562
0.999980 0.000010 0.000010
0.988925 0.000010 0.011065
0.999980 0.000010 0.000010
0.999980 0.000010 0.000010
0.999980 0.000010 0.000010
0.999980 0.000010 0.000010
0.999980 0.000010 0.000010
0.997628 0.000010 0.002362
0.993732 0.000010 0.006258
0.999980 0.000010 0.000010
0.999980 0.000010 0.000010
0.999980 0.000010 0.000010
0.999980 0.000010 0.000010
0.999980 0.000010 0.000010
0.999980 0.000010 0.000010
0.991251 0.000010 0.008739
0.999980 0.000010 0.000010
0.999980 0.000010 0.000010
0.992236 0.000010 0.007754
0.999980 0.000010 0.000010
0.999980 0.000010 0.000010
0.986016 0.000010 0.013974
0.999980 0.000010 0.000010
0.999980 0.000010 0.000010
0.999980 0.000010 0.000010
0.999980 0.000010 0.000010
0.999980 0.000010 0.000010
0.986413 0.000010 0.013577
0.999980 0.000010 0.000010
0.999980 0.000010 0.000010
0.999980 0.000010 0.000010
0.996312 0.000010 0.003678
0.993867 0.000010 0.006123
0.999980 0.000010 0.000010
0.998815 0.000010 0.001175
0.999980 0.000010 0.000010
0.997477 0.000010 0.002513
0.999980 0.000010 0.000010
0.999980 0.000010 0.000010
0.999980 0.000010 0.000010
0.999980 0.000010 0.000010
0.999980 0.000010 0.000010
0.999980 0.000010 0.000010
0.999980 0.000010 0.000010
0.999980 0.000010 0.000010
0.999980 0.000010 0.000010
0.999980 0.000010 0.000010
0.998244 0.000010 0.001746
0.999980 0.000010 0.000010
0.999980 0.000010 0.000010
0.999980 0.000010 0.000010
0.999980 0.000010 0.000010
0.999980 0.000010 0.000010
0.999980 0.000010 0.000010
0.999980 0.000010 0.000010
0.999980 0.000010 0.000010
0.999980 0.000010 0.000010
0.999980 0.000010 0.000010
0.999980 0.000010 0.000010
0.995995 0.000010 0.003995
0.997191 0.000010 0.002799
0.998650 0.000010 0.001340
0.999980 0.000010 0.000010
0.999980 0.000010 0.000010
0.999980 0.000010 0.000010
0.999785 0.000010 0.000205
0.000010 0.999980 0.000010
0.000010 0.999980 0.000010
0.000010 0.999980 0.000010
0.000010 0.999980 0.000010
0.000010 0.999980 0.000010
0.000010 0.999980 0.000010
0.000010 0.999980 0.000010
0.000010 0.999980 0.000010
0.000010 0.999980 0.000010
0.000010 0.999980 0.000010
0.000010 0.999980 0.000010
0.000010 0.999980 0.000010
0.000010 0.999980 0.000010
0.000010 0.999980 0.000010
0.000010 0.999980 0.000010
0.000010 0.999980 0.000010
0.000010 0.999980 0.000010
0.000010 0.999980 0.000010
0.000010 0.999980 0.000010
0.000010 0.999980 0.000010
0.000010 0.999980 0.000010
0.000010 0.999980 0.000010
0.000010 0.999980 0.000010
0.000010 0.999980 0.000010
0.000010 0.999980 0.000010
0.000010 0.999980 0.000010
0.000010 0.999980 0.000010
0.000010 0.999980 0.000010
0.000010 0.999980 0.000010
0.000010 0.999980 0.000010
0.000010 0.999980 0.000010
0.000010 0.999980 0.000010
0.000010 0.999980 0.000010
0.002672 0.997318 0.000010
0.000010 0.999980 0.000010
0.000010 0.999980 0.000010
0.000010 0.999980 0.000010
0.000010 0.999980 0.000010
0.000010 0.999980 0.000010
0.000010 0.999980 0.000010
0.000010 0.999980 0.000010
0.000010 0.999980 0.000010
0.000010 0.999980 0.000010
0.000010 0.999980 0.000010
0.000010 0.999980 0.000010
0.000010 0.999980 0.000010
0.000010 0.999980 0.000010
0.000010 0.999980 0.000010
0.000010 0.999980 0.000010
0.000010 0.999980 0.000010
0.000010 0.999980 0.000010
0.000010 0.999980 0.000010
0.000010 0.999980 0.000010
0.000010 0.999980 0.000010
0.000010 0.999980 0.000010
0.000010 0.999980 0.000010
0.000010 0.999980 0.000010
0.000010 0.999980 0.000010
0.000010 0.999980 0.000010
0.000010 0.999980 0.000010
0.000010 0.999980 0.000010
0.017160 0.982830 0.000010
0.000010 0.999980 0.000010
0.000010 0.999980 0.000010
0.000010 0.999980 0.000010
0.000010 0.999980 0.000010
0.000010 0.999980 0.000010
0.000010 0.999980 0.000010
0.000010 0.999980 0.000010
0.000010 0.999980 0.000010
0.000010 0.999980 0.000010
0.000010 0.999980 0.000010
0.000010 0.999980 0.000010
0.000010 0.999980 0.000010
0.000010 0.999980 0.000010
0.000010 0.999980 0.000010
0.000010 0.999980 0.000010
0.000010 0.999980 0.000010
0.000010 0.999980 0.000010
0.000010 0.999980 0.000010
0.000010 0.999980 0.000010
0.000010 0.999980 0.000010
0.000010 0.999980 0.000010
0.000010 0.999980 0.000010
0.000010 0.999980 0.000010
0.000010 0.999980 0.000010
0.000010 0.999980 0.000010
0.000010 0.999980 0.000010
0.000010 0.999980 0.000010
0.000010 0.999980 0.000010
0.000010 0.999980 0.000010
0.000010 0.999980 0.000010
0.000010 0.999980 0.000010
0.000010 0.999980 0.000010
0.000010 0.999980 0.000010
0.000010 0.999980 0.000010
0.000010 0.999980 0.000010
0.000010 0.999980 0.000010
0.000010 0.999980 0.000010
0.000010 0.999980 0.000010
0.000010 0.999980 0.000010
0.000010 0.999980 0.000010
0.000010 0.999980 0.000010
0.000010 0.999980 0.000010
0.000010 0.999980 0.000010
0.000010 0.999980 0.000010
0.000010 0.999980 0.000010
0.000010 0.999980 0.000010
0.141992 0.644429 0.213579
0.928956 0.015408 0.055636
0.749646 0.034305 0.216048
0.690852 0.058567 0.250581
0.701609 0.044383 0.254008
0.426460 0.065724 0.507816
0.658813 0.052031 0.289157
0.399541 0.053377 0.547082
0.663851 0.020928 0.315221
0.504034 0.050218 0.445748
0.357400 0.067827 0.574772
0.453411 0.058989 0.487600
0.667130 0.025156 0.307715
0.505157 0.048646 0.446198
0.686140 0.038280 0.275579
0.730384 0.073937 0.195679
0.937093 0.027196 0.035711
0.390205 0.052197 0.557597
0.521891 0.019935 0.458174
0.718000 0.011799 0.270201
0.181385 0.812713 0.005902
0.148995 0.826131 0.024875
0.163344 0.835644 0.001012
0.159541 0.834496 0.005964
0.278780 0.706413 0.014807
0.121810 0.876032 0.002158
0.119405 0.872347 0.008247
0.283327 0.716663 0.000010
0.433763 0.054406 0.511831
0.399594 0.042217 0.558189
0.549969 0.065989 0.384043
0.337870 0.045523 0.616606
0.510492 0.052223 0.437286
0.452187 0.086397 0.461416
0.630611 0.043240 0.326148
0.396864 0.015538 0.587598
0.103595 0.000010 0.896395
0.129047 0.007881 0.863072
0.067085 0.000010 0.932905
0.081146 0.000010 0.918844
0.378794 0.017893 0.603313
0.168435 0.023514 0.808051
0.241829 0.032100 0.726071
0.197963 0.001770 0.800267
0.320149 0.029593 0.650258
0.480019 0.031845 0.488137
0.603010 0.046620 0.350369
0.700199 0.037741 0.262060
0.487800 0.031302 0.480898
0.311750 0.047290 0.640960
0.473434 0.074039 0.452528
0.246196 0.015338 0.738466
0.270006 0.030576 0.699418
0.429563 0.062926 0.507511
0.352291 0.063912 0.583796
0.585597 0.053672 0.360731
0.570272 0.054659 0.375069
0.484436 0.046546 0.469018
0.617080 0.028961 0.353959
0.490223 0.056771 0.453006
0.465215 0.102679 0.432106
0.502715 0.088750 0.408535
0.669521 0.041152 0.289328
0.614147 0.041226 0.344627
0.514843 0.067583 0.417573
0.299982 0.011877 0.688141
0.305690 0.047519 0.646791
0.425174 0.035052 0.539775
0.341143 0.047537 0.611320
0.508145 0.075178 0.416678
0.628193 0.061654 0.310152
0.680939 0.034690 0.284371
0.489740 0.066880 0.443380
0.271491 0.716732 0.011777
0.270653 0.715315 0.014032
0.260988 0.739002 0.000010
0.167015 0.828948 0.004037
0.186067 0.809481 0.004452
0.091846 0.895270 0.012884
0.178330 0.819159 0.002510
0.121851 0.871140 0.007009
0.115469 0.853300 0.031231
0.149007 0.836174 0.014819
0.310300 0.689111 0.000589
0.126345 0.873645 0.000010
0.105191 0.887891 0.006917
0.105486 0.894504 0.000010
0.342231 0.565308 0.092460
0.285558 0.701246 0.013196
0.392025 0.607925 0.000050
0.132393 0.861742 0.005866
0.144656 0.845452 0.009892
0.294406 0.697228 0.008366
0.102481 0.894319 0.003200
0.246338 0.313394 0.440268
0.198482 0.795910 0.005608
0.524039 0.475951 0.000010
0.174125 0.824583 0.001291
0.263478 0.718642 0.017880
0.175047 0.817598 0.007355
0.227132 0.771721 0.001148
0.031033 0.967375 0.001592
0.137539 0.856397 0.006064
0.220501 0.763727 0.015772
0.066245 0.914235 0.019520
0.176560 0.419489 0.403950
0.389948 0.000010 0.610042
0.306393 0.692072 0.001535
0.264873 0.703588 0.031539
0.112187 0.867421 0.020392
0.240595 0.750915 0.008490
0.221014 0.772875 0.006111
0.354369 0.644450 0.001181
0.094102 0.860683 0.045215
0.164164 0.823828 0.012007
0.379387 0.603702 0.016912
0.148331 0.830769 0.020900
0.162268 0.828969 0.008763
0.340651 0.646644 0.012705
0.179544 0.819461 0.000995
0.139712 0.857706 0.002582
0.106884 0.878956 0.014160
0.248314 0.742652 0.009035
0.235342 0.758832 0.005826
0.210364 0.749487 0.040148
